 1.00000000e+00  8.88693242e+01  1.00000000e+00  3.03761742e+00 
 1.04712855e+00  8.88648510e+01  1.04712855e+00  3.03275449e+00 
 1.09647820e+00  8.88599517e+01  1.09647820e+00  3.02766784e+00 
 1.14815362e+00  8.88545860e+01  1.14815362e+00  3.02234772e+00 
 1.20226443e+00  8.88487102e+01  1.20226443e+00  3.01678405e+00 
 1.25892541e+00  8.88422767e+01  1.25892541e+00  3.01096638e+00 
 1.31825674e+00  8.88352334e+01  1.31825674e+00  3.00488394e+00 
 1.38038426e+00  8.88275237e+01  1.38038426e+00  2.99852559e+00 
 1.44543977e+00  8.88190858e+01  1.44543977e+00  2.99187990e+00 
 1.51356125e+00  8.88098527e+01  1.51356125e+00  2.98493508e+00 
 1.58489319e+00  8.87997513e+01  1.58489319e+00  2.97767905e+00 
 1.65958691e+00  8.87887023e+01  1.65958691e+00  2.97009945e+00 
 1.73780083e+00  8.87766196e+01  1.73780083e+00  2.96218365e+00 
 1.81970086e+00  8.87634096e+01  1.81970086e+00  2.95391877e+00 
 1.90546072e+00  8.87489712e+01  1.90546072e+00  2.94529176e+00 
 1.99526231e+00  8.87331947e+01  1.99526231e+00  2.93628939e+00 
 2.08929613e+00  8.87159618e+01  2.08929613e+00  2.92689833e+00 
 2.18776162e+00  8.86971446e+01  2.18776162e+00  2.91710523e+00 
 2.29086765e+00  8.86766052e+01  2.29086765e+00  2.90689673e+00 
 2.39883292e+00  8.86541952e+01  2.39883292e+00  2.89625959e+00 
 2.51188643e+00  8.86297554e+01  2.51188643e+00  2.88518077e+00 
 2.63026799e+00  8.86031148e+01  2.63026799e+00  2.87364751e+00 
 2.75422870e+00  8.85740905e+01  2.75422870e+00  2.86164748e+00 
 2.88403150e+00  8.85424874e+01  2.88403150e+00  2.84916889e+00 
 3.01995172e+00  8.85080976e+01  3.01995172e+00  2.83620062e+00 
 3.16227766e+00  8.84707002e+01  3.16227766e+00  2.82273239e+00 
 3.31131121e+00  8.84300616e+01  3.31131121e+00  2.80875493e+00 
 3.46736850e+00  8.83859350e+01  3.46736850e+00  2.79426017e+00 
 3.63078055e+00  8.83380609e+01  3.63078055e+00  2.77924140e+00 
 3.80189396e+00  8.82861676e+01  3.80189396e+00  2.76369351e+00 
 3.98107171e+00  8.82299713e+01  3.98107171e+00  2.74761319e+00 
 4.16869383e+00  8.81691777e+01  4.16869383e+00  2.73099914e+00 
 4.36515832e+00  8.81034826e+01  4.36515832e+00  2.71385229e+00 
 4.57088190e+00  8.80325735e+01  4.57088190e+00  2.69617603e+00 
 4.78630092e+00  8.79561310e+01  4.78630092e+00  2.67797639e+00 
 5.01187234e+00  8.78738315e+01  5.01187234e+00  2.65926229e+00 
 5.24807460e+00  8.77853490e+01  5.24807460e+00  2.64004564e+00 
 5.49540874e+00  8.76903579e+01  5.49540874e+00  2.62034158e+00 
 5.75439937e+00  8.75885358e+01  5.75439937e+00  2.60016851e+00 
 6.02559586e+00  8.74795671e+01  6.02559586e+00  2.57954823e+00 
 6.30957344e+00  8.73631461e+01  6.30957344e+00  2.55850594e+00 
 6.60693448e+00  8.72389806e+01  6.60693448e+00  2.53707022e+00 
 6.91830971e+00  8.71067956e+01  6.91830971e+00  2.51527296e+00 
 7.24435960e+00  8.69663367e+01  7.24435960e+00  2.49314923e+00 
 7.58577575e+00  8.68173743e+01  7.58577575e+00  2.47073702e+00 
 7.94328235e+00  8.66597062e+01  7.94328235e+00  2.44807704e+00 
 8.31763771e+00  8.64931612e+01  8.31763771e+00  2.42521235e+00 
 8.70963590e+00  8.63176014e+01  8.70963590e+00  2.40218799e+00 
 9.12010839e+00  8.61329249e+01  9.12010839e+00  2.37905057e+00 
 9.54992586e+00  8.59390671e+01  9.54992586e+00  2.35584773e+00 
 1.00000000e+01  8.57360019e+01  1.00000000e+01  2.33262774e+00 
 1.04712855e+01  8.55237421e+01  1.04712855e+01  2.30943892e+00 
 1.09647820e+01  8.53023393e+01  1.09647820e+01  2.28632912e+00 
 1.14815362e+01  8.50718829e+01  1.14815362e+01  2.26334528e+00 
 1.20226443e+01  8.48324988e+01  1.20226443e+01  2.24053287e+00 
 1.25892541e+01  8.45843469e+01  1.25892541e+01  2.21793551e+00 
 1.31825674e+01  8.43276192e+01  1.31825674e+01  2.19559452e+00 
 1.38038426e+01  8.40625364e+01  1.38038426e+01  2.17354861e+00 
 1.44543977e+01  8.37893445e+01  1.44543977e+01  2.15183356e+00 
 1.51356125e+01  8.35083119e+01  1.51356125e+01  2.13048202e+00 
 1.58489319e+01  8.32197252e+01  1.58489319e+01  2.10952334e+00 
 1.65958691e+01  8.29238856e+01  1.65958691e+01  2.08898345e+00 
 1.73780083e+01  8.26211057e+01  1.73780083e+01  2.06888482e+00 
 1.81970086e+01  8.23117056e+01  1.81970086e+01  2.04924652e+00 
 1.90546072e+01  8.19960098e+01  1.90546072e+01  2.03008422e+00 
 1.99526231e+01  8.16743441e+01  1.99526231e+01  2.01141030e+00 
 2.08929613e+01  8.13470331e+01  2.08929613e+01  1.99323405e+00 
 2.18776162e+01  8.10143972e+01  2.18776162e+01  1.97556176e+00 
 2.29086765e+01  8.06767511e+01  2.29086765e+01  1.95839695e+00 
 2.39883292e+01  8.03344015e+01  2.39883292e+01  1.94174057e+00 
 2.51188643e+01  7.99876457e+01  2.51188643e+01  1.92559121e+00 
 2.63026799e+01  7.96367706e+01  2.63026799e+01  1.90994531e+00 
 2.75422870e+01  7.92820513e+01  2.75422870e+01  1.89479738e+00 
 2.88403150e+01  7.89237510e+01  2.88403150e+01  1.88014023e+00 
 3.01995172e+01  7.85621200e+01  3.01995172e+01  1.86596515e+00 
 3.16227766e+01  7.81973956e+01  3.16227766e+01  1.85226211e+00 
 3.31131121e+01  7.78298021e+01  3.31131121e+01  1.83901996e+00 
 3.46736850e+01  7.74595508e+01  3.46736850e+01  1.82622657e+00 
 3.63078055e+01  7.70868401e+01  3.63078055e+01  1.81386903e+00 
 3.80189396e+01  7.67118558e+01  3.80189396e+01  1.80193374e+00 
 3.98107171e+01  7.63347717e+01  3.98107171e+01  1.79040660e+00 
 4.16869383e+01  7.59557494e+01  4.16869383e+01  1.77927307e+00 
 4.36515832e+01  7.55749396e+01  4.36515832e+01  1.76851832e+00 
 4.57088190e+01  7.51924820e+01  4.57088190e+01  1.75812730e+00 
 4.78630092e+01  7.48085060e+01  4.78630092e+01  1.74808479e+00 
 5.01187234e+01  7.44231311e+01  5.01187234e+01  1.73837555e+00 
 5.24807460e+01  7.40364678e+01  5.24807460e+01  1.72898427e+00 
 5.49540874e+01  7.36486176e+01  5.49540874e+01  1.71989574e+00 
 5.75439937e+01  7.32596741e+01  5.75439937e+01  1.71109478e+00 
 6.02559586e+01  7.28697231e+01  6.02559586e+01  1.70256634e+00 
 6.30957344e+01  7.24788429e+01  6.30957344e+01  1.69429551e+00 
 6.60693448e+01  7.20871054e+01  6.60693448e+01  1.68626755e+00 
 6.91830971e+01  7.16945759e+01  6.91830971e+01  1.67846789e+00 
 7.24435960e+01  7.13013139e+01  7.24435960e+01  1.67088215e+00 
 7.58577575e+01  7.09073733e+01  7.58577575e+01  1.66349612e+00 
 7.94328235e+01  7.05128028e+01  7.94328235e+01  1.65629583e+00 
 8.31763771e+01  7.01176461e+01  8.31763771e+01  1.64926747e+00 
 8.70963590e+01  6.97219425e+01  8.70963590e+01  1.64239744e+00 
 9.12010839e+01  6.93257268e+01  9.12010839e+01  1.63567233e+00 
 9.54992586e+01  6.89290300e+01  9.54992586e+01  1.62907891e+00 
 1.00000000e+02  6.85318789e+01  1.00000000e+02  1.62260409e+00 
 1.04712855e+02  6.81342968e+01  1.04712855e+02  1.61623499e+00 
 1.09647820e+02  6.77363037e+01  1.09647820e+02  1.60995883e+00 
 1.14815362e+02  6.73379160e+01  1.14815362e+02  1.60376300e+00 
 1.20226443e+02  6.69391469e+01  1.20226443e+02  1.59763499e+00 
 1.25892541e+02  6.65400066e+01  1.25892541e+02  1.59156239e+00 
 1.31825674e+02  6.61405021e+01  1.31825674e+02  1.58553290e+00 
 1.38038426e+02  6.57406376e+01  1.38038426e+02  1.57953427e+00 
 1.44543977e+02  6.53404142e+01  1.44543977e+02  1.57355433e+00 
 1.51356125e+02  6.49398301e+01  1.51356125e+02  1.56758094e+00 
 1.58489319e+02  6.45388805e+01  1.58489319e+02  1.56160199e+00 
 1.65958691e+02  6.41375575e+01  1.65958691e+02  1.55560538e+00 
 1.73780083e+02  6.37358504e+01  1.73780083e+02  1.54957900e+00 
 1.81970086e+02  6.33337452e+01  1.81970086e+02  1.54351074e+00 
 1.90546072e+02  6.29312245e+01  1.90546072e+02  1.53738845e+00 
 1.99526231e+02  6.25282679e+01  1.99526231e+02  1.53119993e+00 
 2.08929613e+02  6.21248512e+01  2.08929613e+02  1.52493293e+00 
 2.18776162e+02  6.17209466e+01  2.18776162e+02  1.51857514e+00 
 2.29086765e+02  6.13165224e+01  2.29086765e+02  1.51211417e+00 
 2.39883292e+02  6.09115428e+01  2.39883292e+02  1.50553755e+00 
 2.51188643e+02  6.05059677e+01  2.51188643e+02  1.49883273e+00 
 2.63026799e+02  6.00997523e+01  2.63026799e+02  1.49198707e+00 
 2.75422870e+02  5.96928470e+01  2.75422870e+02  1.48498785e+00 
 2.88403150e+02  5.92851967e+01  2.88403150e+02  1.47782226e+00 
 3.01995172e+02  5.88767410e+01  3.01995172e+02  1.47047742e+00 
 3.16227766e+02  5.84674134e+01  3.16227766e+02  1.46294040e+00 
 3.31131121e+02  5.80571410e+01  3.31131121e+02  1.45519821e+00 
 3.46736850e+02  5.76458442e+01  3.46736850e+02  1.44723784e+00 
 3.63078055e+02  5.72334360e+01  3.63078055e+02  1.43904630e+00 
 3.80189396e+02  5.68198220e+01  3.80189396e+02  1.43061062e+00 
 3.98107171e+02  5.64048994e+01  3.98107171e+02  1.42191794e+00 
 4.16869383e+02  5.59885568e+01  4.16869383e+02  1.41295551e+00 
 4.36515832e+02  5.55706736e+01  4.36515832e+02  1.40371080e+00 
 4.57088190e+02  5.51511198e+01  4.57088190e+02  1.39417152e+00 
 4.78630092e+02  5.47297549e+01  4.78630092e+02  1.38432574e+00 
 5.01187234e+02  5.43064283e+01  5.01187234e+02  1.37416197e+00 
 5.24807460e+02  5.38809780e+01  5.24807460e+02  1.36366923e+00 
 5.49540874e+02  5.34532307e+01  5.49540874e+02  1.35283725e+00 
 5.75439937e+02  5.30230016e+01  5.75439937e+02  1.34165649e+00 
 6.02559586e+02  5.25900936e+01  6.02559586e+02  1.33011839e+00 
 6.30957344e+02  5.21542979e+01  6.30957344e+02  1.31821545e+00 
 6.60693448e+02  5.17153934e+01  6.60693448e+02  1.30594145e+00 
 6.91830971e+02  5.12731469e+01  6.91830971e+02  1.29329160e+00 
 7.24435960e+02  5.08273137e+01  7.24435960e+02  1.28026277e+00 
 7.58577575e+02  5.03776378e+01  7.58577575e+02  1.26685366e+00 
 7.94328235e+02  4.99238528e+01  7.94328235e+02  1.25306507e+00 
 8.31763771e+02  4.94656829e+01  8.31763771e+02  1.23890005e+00 
 8.70963590e+02  4.90028437e+01  8.70963590e+02  1.22436417e+00 
 9.12010839e+02  4.85350445e+01  9.12010839e+02  1.20946575e+00 
 9.54992586e+02  4.80619897e+01  9.54992586e+02  1.19421604e+00 
 1.00000000e+03  4.75833808e+01  1.00000000e+03  1.17862944e+00 
 1.04712855e+03  4.70989195e+01  1.04712855e+03  1.16272365e+00 
 1.09647820e+03  4.66083101e+01  1.09647820e+03  1.14651989e+00 
 1.14815362e+03  4.61112628e+01  1.14815362e+03  1.13004294e+00 
 1.20226443e+03  4.56074971e+01  1.20226443e+03  1.11332130e+00 
 1.25892541e+03  4.50967457e+01  1.25892541e+03  1.09638714e+00 
 1.31825674e+03  4.45787577e+01  1.31825674e+03  1.07927634e+00 
 1.38038426e+03  4.40533033e+01  1.38038426e+03  1.06202839e+00 
 1.44543977e+03  4.35201773e+01  1.44543977e+03  1.04468622e+00 
 1.51356125e+03  4.29792033e+01  1.51356125e+03  1.02729604e+00 
 1.58489319e+03  4.24302372e+01  1.58489319e+03  1.00990702e+00 
 1.65958691e+03  4.18731707e+01  1.65958691e+03  9.92570955e-01 
 1.73780083e+03  4.13079345e+01  1.73780083e+03  9.75341890e-01 
 1.81970086e+03  4.07345013e+01  1.81970086e+03  9.58275643e-01 
 1.90546072e+03  4.01528873e+01  1.90546072e+03  9.41429320e-01 
 1.99526231e+03  3.95631545e+01  1.99526231e+03  9.24860777e-01 
 2.08929613e+03  3.89654111e+01  2.08929613e+03  9.08628069e-01 
 2.18776162e+03  3.83598122e+01  2.18776162e+03  8.92788885e-01 
 2.29086765e+03  3.77465593e+01  2.29086765e+03  8.77399989e-01 
 2.39883292e+03  3.71258995e+01  2.39883292e+03  8.62516665e-01 
 2.51188643e+03  3.64981238e+01  2.51188643e+03  8.48192199e-01 
 2.63026799e+03  3.58635653e+01  2.63026799e+03  8.34477390e-01 
 2.75422870e+03  3.52225966e+01  2.75422870e+03  8.21420098e-01 
 2.88403150e+03  3.45756273e+01  2.88403150e+03  8.09064847e-01 
 3.01995172e+03  3.39231002e+01  3.01995172e+03  7.97452468e-01 
 3.16227766e+03  3.32654890e+01  3.16227766e+03  7.86619802e-01 
 3.31131121e+03  3.26032941e+01  3.31131121e+03  7.76599440e-01 
 3.46736850e+03  3.19370397e+01  3.46736850e+03  7.67419520e-01 
 3.63078055e+03  3.12672700e+01  3.63078055e+03  7.59103555e-01 
 3.80189396e+03  3.05945461e+01  3.80189396e+03  7.51670305e-01 
 3.98107171e+03  2.99194427e+01  3.98107171e+03  7.45133674e-01 
 4.16869383e+03  2.92425446e+01  4.16869383e+03  7.39502636e-01 
 4.36515832e+03  2.85644438e+01  4.36515832e+03  7.34781181e-01 
 4.57088190e+03  2.78857363e+01  4.57088190e+03  7.30968271e-01 
 4.78630092e+03  2.72070191e+01  4.78630092e+03  7.28057822e-01 
 5.01187234e+03  2.65288873e+01  5.01187234e+03  7.26038680e-01 
 5.24807460e+03  2.58519309e+01  5.24807460e+03  7.24894624e-01 
 5.49540874e+03  2.51767316e+01  5.49540874e+03  7.24604373e-01 
 5.75439937e+03  2.45038601e+01  5.75439937e+03  7.25141608e-01 
 6.02559586e+03  2.38338722e+01  6.02559586e+03  7.26475013e-01 
 6.30957344e+03  2.31673061e+01  6.30957344e+03  7.28568341e-01 
 6.60693448e+03  2.25046784e+01  6.60693448e+03  7.31380505e-01 
 6.91830971e+03  2.18464808e+01  6.91830971e+03  7.34865705e-01 
 7.24435960e+03  2.11931766e+01  7.24435960e+03  7.38973597e-01 
 7.58577575e+03  2.05451970e+01  7.58577575e+03  7.43649496e-01 
 7.94328235e+03  1.99029373e+01  7.94328235e+03  7.48834641e-01 
 8.31763771e+03  1.92667541e+01  8.31763771e+03  7.54466503e-01 
 8.70963590e+03  1.86369614e+01  8.70963590e+03  7.60479144e-01 
 9.12010839e+03  1.80138283e+01  9.12010839e+03  7.66803627e-01 
 9.54992586e+03  1.73975759e+01  9.54992586e+03  7.73368476e-01 
 1.00000000e+04  1.67883755e+01  1.00000000e+04  7.80100170e-01 
 1.04712855e+04  1.61863471e+01  1.04712855e+04  7.86923675e-01 
 1.09647820e+04  1.55915580e+01  1.09647820e+04  7.93762996e-01 
 1.14815362e+04  1.50040227e+01  1.14815362e+04  8.00541742e-01 
 1.20226443e+04  1.44237030e+01  1.20226443e+04  8.07183693e-01 
 1.25892541e+04  1.38505089e+01  1.25892541e+04  8.13613351e-01 
 1.31825674e+04  1.32842997e+01  1.31825674e+04  8.19756474e-01 
 1.38038426e+04  1.27248861e+01  1.38038426e+04  8.25540574e-01 
 1.44543977e+04  1.21720328e+01  1.44543977e+04  8.30895368e-01 
 1.51356125e+04  1.16254607e+01  1.51356125e+04  8.35753193e-01 
 1.58489319e+04  1.10848507e+01  1.58489319e+04  8.40049352e-01 
 1.65958691e+04  1.05498461e+01  1.65958691e+04  8.43722415e-01 
 1.73780083e+04  1.00200568e+01  1.73780083e+04  8.46714463e-01 
 1.81970086e+04  9.49506206e+00  1.81970086e+04  8.48971267e-01 
 1.90546072e+04  8.97441430e+00  1.90546072e+04  8.50442437e-01 
 1.99526231e+04  8.45764211e+00  1.99526231e+04  8.51081506e-01 
 2.08929613e+04  7.94425340e+00  2.08929613e+04  8.50845988e-01 
 2.18776162e+04  7.43373831e+00  2.18776162e+04  8.49697400e-01 
 2.29086765e+04  6.92557189e+00  2.29086765e+04  8.47601265e-01 
 2.39883292e+04  6.41921656e+00  2.39883292e+04  8.44527090e-01 
 2.51188643e+04  5.91412442e+00  2.51188643e+04  8.40448342e-01 
 2.63026799e+04  5.40973929e+00  2.63026799e+04  8.35342413e-01 
 2.75422870e+04  4.90549869e+00  2.75422870e+04  8.29190593e-01 
 2.88403150e+04  4.40083566e+00  2.88403150e+04  8.21978039e-01 
 3.01995172e+04  3.89518052e+00  3.01995172e+04  8.13693756e-01 
 3.16227766e+04  3.38796265e+00  3.16227766e+04  8.04330581e-01 
 3.31131121e+04  2.87861225e+00  3.31131121e+04  7.93885175e-01 
 3.46736850e+04  2.36656224e+00  3.46736850e+04  7.82358020e-01 
 3.63078055e+04  1.85125018e+00  3.63078055e+04  7.69753410e-01 
 3.80189396e+04  1.33212039e+00  3.80189396e+04  7.56079448e-01 
 3.98107171e+04  8.08626290e-01  3.98107171e+04  7.41348024e-01 
 4.16869383e+04  2.80232741e-01  4.16869383e+04  7.25574776e-01 
 4.36515832e+04 -2.53581280e-01  4.36515832e+04  7.08779039e-01 
 4.57088190e+04 -7.93319980e-01  4.57088190e+04  6.90983747e-01 
 4.78630092e+04 -1.33946791e+00  4.78630092e+04  6.72215312e-01 
 5.01187234e+04 -1.89248707e+00  5.01187234e+04  6.52503456e-01 
 5.24807460e+04 -2.45281409e+00  5.24807460e+04  6.31880993e-01 
 5.49540874e+04 -3.02085744e+00  5.49540874e+04  6.10383564e-01 
 5.75439937e+04 -3.59699490e+00  5.75439937e+04  5.88049324e-01 
 6.02559586e+04 -4.18157124e+00  6.02559586e+04  5.64918578e-01 
 6.30957344e+04 -4.77489635e+00  6.30957344e+04  5.41033368e-01 
 6.60693448e+04 -5.37724377e+00  6.60693448e+04  5.16437028e-01 
 6.91830971e+04 -5.98884972e+00  6.91830971e+04  4.91173705e-01 
 7.24435960e+04 -6.60991288e+00  7.24435960e+04  4.65287860e-01 
 7.58577575e+04 -7.24059457e+00  7.58577575e+04  4.38823761e-01 
 7.94328235e+04 -7.88101979e+00  7.94328235e+04  4.11824982e-01 
 8.31763771e+04 -8.53127877e+00  8.31763771e+04  3.84333921e-01 
 8.70963590e+04 -9.19142923e+00  8.70963590e+04  3.56391347e-01 
 9.12010839e+04 -9.86149912e+00  9.12010839e+04  3.28035995e-01 
 9.54992586e+04 -1.05414900e+01  9.54992586e+04  2.99304211e-01 
 1.00000000e+05 -1.12313805e+01  1.00000000e+05  2.70229662e-01 
 1.04712855e+05 -1.19311307e+01  1.04712855e+05  2.40843122e-01 
 1.09647820e+05 -1.26406859e+01  1.09647820e+05  2.11172327e-01 
 1.14815362e+05 -1.33599814e+01  1.14815362e+05  1.81241904e-01 
 1.20226443e+05 -1.40889461e+01  1.20226443e+05  1.51073391e-01 
 1.25892541e+05 -1.48275075e+01  1.25892541e+05  1.20685318e-01 
 1.31825674e+05 -1.55755947e+01  1.31825674e+05  9.00933636e-02 
 1.38038426e+05 -1.63331428e+01  1.38038426e+05  5.93105767e-02 
 1.44543977e+05 -1.71000957e+01  1.44543977e+05  2.83476558e-02 
 1.51356125e+05 -1.78764089e+01  1.51356125e+05 -2.78672267e-03 
 1.58489319e+05 -1.86620518e+01  1.58489319e+05 -3.40855353e-02 
 1.65958691e+05 -1.94570095e+01  1.65958691e+05 -6.55430110e-02 
 1.73780083e+05 -2.02612840e+01  1.73780083e+05 -9.71542080e-02 
 1.81970086e+05 -2.10748944e+01  1.81970086e+05 -1.28914580e-01 
 1.90546072e+05 -2.18978772e+01  1.90546072e+05 -1.60819538e-01 
 1.99526231e+05 -2.27302856e+01  1.99526231e+05 -1.92864023e-01 
 2.08929613e+05 -2.35721880e+01  2.08929613e+05 -2.25042093e-01 
 2.18776162e+05 -2.44236667e+01  2.18776162e+05 -2.57346542e-01 
 2.29086765e+05 -2.52848153e+01  2.29086765e+05 -2.89768548e-01 
 2.39883292e+05 -2.61557358e+01  2.39883292e+05 -3.22297375e-01 
 2.51188643e+05 -2.70365358e+01  2.51188643e+05 -3.54920126e-01 
 2.63026799e+05 -2.79273247e+01  2.63026799e+05 -3.87621554e-01 
 2.75422870e+05 -2.88282100e+01  2.75422870e+05 -4.20383945e-01 
 2.88403150e+05 -2.97392935e+01  2.88403150e+05 -4.53187075e-01 
 3.01995172e+05 -3.06606671e+01  3.01995172e+05 -4.86008236e-01 
 3.16227766e+05 -3.15924091e+01  3.16227766e+05 -5.18822344e-01 
 3.31131121e+05 -3.25345803e+01  3.31131121e+05 -5.51602122e-01 
 3.46736850e+05 -3.34872207e+01  3.46736850e+05 -5.84318350e-01 
 3.63078055e+05 -3.44503463e+01  3.63078055e+05 -6.16940187e-01 
 3.80189396e+05 -3.54239464e+01  3.80189396e+05 -6.49435546e-01 
 3.98107171e+05 -3.64079817e+01  3.98107171e+05 -6.81771511e-01 
 4.16869383e+05 -3.74023830e+01  4.16869383e+05 -7.13914801e-01 
 4.36515832e+05 -3.84070502e+01  4.36515832e+05 -7.45832240e-01 
 4.57088190e+05 -3.94218524e+01  4.57088190e+05 -7.77491245e-01 
 4.78630092e+05 -4.04466283e+01  4.78630092e+05 -8.08860300e-01 
 5.01187234e+05 -4.14811879e+01  5.01187234e+05 -8.39909416e-01 
 5.24807460e+05 -4.25253135e+01  5.24807460e+05 -8.70610550e-01 
 5.49540874e+05 -4.35787630e+01  5.49540874e+05 -9.00937994e-01 
 5.75439937e+05 -4.46412718e+01  5.75439937e+05 -9.30868702e-01 
 6.02559586e+05 -4.57125564e+01  6.02559586e+05 -9.60382568e-01 
 6.30957344e+05 -4.67923177e+01  6.30957344e+05 -9.89462638e-01 
 6.60693448e+05 -4.78802443e+01  6.60693448e+05 -1.01809527e+00 
 6.91830971e+05 -4.89760157e+01  6.91830971e+05 -1.04627023e+00 
 7.24435960e+05 -5.00793068e+01  7.24435960e+05 -1.07398072e+00 
 7.58577575e+05 -5.11897900e+01  7.58577575e+05 -1.10122338e+00 
 7.94328235e+05 -5.23071393e+01  7.94328235e+05 -1.12799821e+00 
 8.31763771e+05 -5.34310330e+01  8.31763771e+05 -1.15430848e+00 
 8.70963590e+05 -5.45611562e+01  8.70963590e+05 -1.18016060e+00 
 9.12010839e+05 -5.56972038e+01  9.12010839e+05 -1.20556392e+00 
 9.54992586e+05 -5.68388819e+01  9.54992586e+05 -1.23053060e+00 
 1.00000000e+06 -5.79859106e+01  1.00000000e+06 -1.25507538e+00 
