 1.00000000e+00 -2.81752416e-04  1.00000000e+00 -3.38672653e-06  1.00000000e+00 -8.97319892e+01  1.00000000e+00 -3.03756493e+00 
 1.04712855e+00 -2.81751016e-04  1.04712855e+00 -3.54633805e-06  1.04712855e+00 -8.97275160e+01  1.04712855e+00 -3.03269953e+00 
 1.09647820e+00 -2.81749481e-04  1.09647820e+00 -3.71347183e-06  1.09647820e+00 -8.97226166e+01  1.09647820e+00 -3.02761029e+00 
 1.14815362e+00 -2.81747798e-04  1.14815362e+00 -3.88848239e-06  1.14815362e+00 -8.97172509e+01  1.14815362e+00 -3.02228746e+00 
 1.20226443e+00 -2.81745952e-04  1.20226443e+00 -4.07174093e-06  1.20226443e+00 -8.97113751e+01  1.20226443e+00 -3.01672095e+00 
 1.25892541e+00 -2.81743929e-04  1.25892541e+00 -4.26363620e-06  1.25892541e+00 -8.97049415e+01  1.25892541e+00 -3.01090031e+00 
 1.31825674e+00 -2.81741710e-04  1.31825674e+00 -4.46457521e-06  1.31825674e+00 -8.96978982e+01  1.31825674e+00 -3.00481475e+00 
 1.38038426e+00 -2.81739277e-04  1.38038426e+00 -4.67498418e-06  1.38038426e+00 -8.96901884e+01  1.38038426e+00 -2.99845314e+00 
 1.44543977e+00 -2.81736609e-04  1.44543977e+00 -4.89530944e-06  1.44543977e+00 -8.96817505e+01  1.44543977e+00 -2.99180403e+00 
 1.51356125e+00 -2.81733684e-04  1.51356125e+00 -5.12601830e-06  1.51356125e+00 -8.96725174e+01  1.51356125e+00 -2.98485564e+00 
 1.58489319e+00 -2.81730477e-04  1.58489319e+00 -5.36760015e-06  1.58489319e+00 -8.96624159e+01  1.58489319e+00 -2.97759587e+00 
 1.65958691e+00 -2.81726960e-04  1.65958691e+00 -5.62056741e-06  1.65958691e+00 -8.96513668e+01  1.65958691e+00 -2.97001235e+00 
 1.73780083e+00 -2.81723104e-04  1.73780083e+00 -5.88545665e-06  1.73780083e+00 -8.96392840e+01  1.73780083e+00 -2.96209244e+00 
 1.81970086e+00 -2.81718877e-04  1.81970086e+00 -6.16282975e-06  1.81970086e+00 -8.96260739e+01  1.81970086e+00 -2.95382326e+00 
 1.90546072e+00 -2.81714241e-04  1.90546072e+00 -6.45327505e-06  1.90546072e+00 -8.96116354e+01  1.90546072e+00 -2.94519175e+00 
 1.99526231e+00 -2.81709158e-04  1.99526231e+00 -6.75740862e-06  1.99526231e+00 -8.95958589e+01  1.99526231e+00 -2.93618466e+00 
 2.08929613e+00 -2.81703584e-04  2.08929613e+00 -7.07587559e-06  2.08929613e+00 -8.95786259e+01  2.08929613e+00 -2.92678867e+00 
 2.18776162e+00 -2.81697473e-04  2.18776162e+00 -7.40935145e-06  2.18776162e+00 -8.95598085e+01  2.18776162e+00 -2.91699040e+00 
 2.29086765e+00 -2.81690772e-04  2.29086765e+00 -7.75854357e-06  2.29086765e+00 -8.95392690e+01  2.29086765e+00 -2.90677649e+00 
 2.39883292e+00 -2.81683425e-04  2.39883292e+00 -8.12419263e-06  2.39883292e+00 -8.95168589e+01  2.39883292e+00 -2.89613368e+00 
 2.51188643e+00 -2.81675369e-04  2.51188643e+00 -8.50707422e-06  2.51188643e+00 -8.94924189e+01  2.51188643e+00 -2.88504893e+00 
 2.63026799e+00 -2.81666535e-04  2.63026799e+00 -8.90800049e-06  2.63026799e+00 -8.94657781e+01  2.63026799e+00 -2.87350946e+00 
 2.75422870e+00 -2.81656850e-04  2.75422870e+00 -9.32782187e-06  2.75422870e+00 -8.94367536e+01  2.75422870e+00 -2.86150292e+00 
 2.88403150e+00 -2.81646230e-04  2.88403150e+00 -9.76742885e-06  2.88403150e+00 -8.94051503e+01  2.88403150e+00 -2.84901752e+00 
 3.01995172e+00 -2.81634585e-04  3.01995172e+00 -1.02277539e-05  3.01995172e+00 -8.93707602e+01  3.01995172e+00 -2.83604211e+00 
 3.16227766e+00 -2.81621817e-04  3.16227766e+00 -1.07097735e-05  3.16227766e+00 -8.93333626e+01  3.16227766e+00 -2.82256641e+00 
 3.31131121e+00 -2.81607817e-04  3.31131121e+00 -1.12145100e-05  3.31131121e+00 -8.92927238e+01  3.31131121e+00 -2.80858113e+00 
 3.46736850e+00 -2.81592466e-04  3.46736850e+00 -1.17430340e-05  3.46736850e+00 -8.92485968e+01  3.46736850e+00 -2.79407818e+00 
 3.63078055e+00 -2.81575635e-04  3.63078055e+00 -1.22964668e-05  3.63078055e+00 -8.92007224e+01  3.63078055e+00 -2.77905083e+00 
 3.80189396e+00 -2.81557179e-04  3.80189396e+00 -1.28759820e-05  3.80189396e+00 -8.91488287e+01  3.80189396e+00 -2.76349397e+00 
 3.98107171e+00 -2.81536943e-04  3.98107171e+00 -1.34828091e-05  3.98107171e+00 -8.90926320e+01  3.98107171e+00 -2.74740424e+00 
 4.16869383e+00 -2.81514755e-04  4.16869383e+00 -1.41182352e-05  4.16869383e+00 -8.90318380e+01  4.16869383e+00 -2.73078034e+00 
 4.36515832e+00 -2.81490426e-04  4.36515832e+00 -1.47836081e-05  4.36515832e+00 -8.89661424e+01  4.36515832e+00 -2.71362318e+00 
 4.57088190e+00 -2.81463749e-04  4.57088190e+00 -1.54803392e-05  4.57088190e+00 -8.88952327e+01  4.57088190e+00 -2.69593612e+00 
 4.78630092e+00 -2.81434499e-04  4.78630092e+00 -1.62099064e-05  4.78630092e+00 -8.88187897e+01  4.78630092e+00 -2.67772518e+00 
 5.01187234e+00 -2.81402427e-04  5.01187234e+00 -1.69738572e-05  5.01187234e+00 -8.87364896e+01  5.01187234e+00 -2.65899923e+00 
 5.24807460e+00 -2.81367261e-04  5.24807460e+00 -1.77738122e-05  5.24807460e+00 -8.86480064e+01  5.24807460e+00 -2.63977019e+00 
 5.49540874e+00 -2.81328702e-04  5.49540874e+00 -1.86114681e-05  5.49540874e+00 -8.85530144e+01  5.49540874e+00 -2.62005315e+00 
 5.75439937e+00 -2.81286423e-04  5.75439937e+00 -1.94886018e-05  5.75439937e+00 -8.84511915e+01  5.75439937e+00 -2.59986649e+00 
 6.02559586e+00 -2.81240065e-04  6.02559586e+00 -2.04070739e-05  6.02559586e+00 -8.83422220e+01  6.02559586e+00 -2.57923197e+00 
 6.30957344e+00 -2.81189234e-04  6.30957344e+00 -2.13688327e-05  6.30957344e+00 -8.82258000e+01  6.30957344e+00 -2.55817477e+00 
 6.60693448e+00 -2.81133499e-04  6.60693448e+00 -2.23759181e-05  6.60693448e+00 -8.81016333e+01  6.60693448e+00 -2.53672345e+00 
 6.91830971e+00 -2.81072387e-04  6.91830971e+00 -2.34304666e-05  6.91830971e+00 -8.79694471e+01  6.91830971e+00 -2.51490985e+00 
 7.24435960e+00 -2.81005379e-04  7.24435960e+00 -2.45347149e-05  7.24435960e+00 -8.78289869e+01  7.24435960e+00 -2.49276900e+00 
 7.58577575e+00 -2.80931906e-04  7.58577575e+00 -2.56910056e-05  7.58577575e+00 -8.76800230e+01  7.58577575e+00 -2.47033887e+00 
 7.94328235e+00 -2.80851345e-04  7.94328235e+00 -2.69017913e-05  7.94328235e+00 -8.75223533e+01  7.94328235e+00 -2.44766013e+00 
 8.31763771e+00 -2.80763011e-04  8.31763771e+00 -2.81696404e-05  8.31763771e+00 -8.73558065e+01  8.31763771e+00 -2.42477579e+00 
 8.70963590e+00 -2.80666156e-04  8.70963590e+00 -2.94972425e-05  8.70963590e+00 -8.71802448e+01  8.70963590e+00 -2.40173087e+00 
 9.12010839e+00 -2.80559955e-04  9.12010839e+00 -3.08874136e-05  9.12010839e+00 -8.69955662e+01  9.12010839e+00 -2.37857190e+00 
 9.54992586e+00 -2.80443509e-04  9.54992586e+00 -3.23431029e-05  9.54992586e+00 -8.68017061e+01  9.54992586e+00 -2.35534651e+00 
 1.00000000e+01 -2.80315828e-04  1.00000000e+01 -3.38673981e-05  1.00000000e+01 -8.65986384e+01  1.00000000e+01 -2.33210290e+00 
 1.04712855e+01 -2.80175829e-04  1.04712855e+01 -3.54635330e-05  1.04712855e+01 -8.63863758e+01  1.04712855e+01 -2.30888934e+00 
 1.09647820e+01 -2.80022322e-04  1.09647820e+01 -3.71348934e-05  1.09647820e+01 -8.61649700e+01  1.09647820e+01 -2.28575364e+00 
 1.14815362e+01 -2.79854006e-04  1.14815362e+01 -3.88850248e-05  1.14815362e+01 -8.59345102e+01  1.14815362e+01 -2.26274268e+00 
 1.20226443e+01 -2.79669451e-04  1.20226443e+01 -4.07176401e-05  1.20226443e+01 -8.56951224e+01  1.20226443e+01 -2.23990188e+00 
 1.25892541e+01 -2.79467091e-04  1.25892541e+01 -4.26366269e-05  1.25892541e+01 -8.54469665e+01  1.25892541e+01 -2.21727478e+00 
 1.31825674e+01 -2.79245207e-04  1.31825674e+01 -4.46460563e-05  1.31825674e+01 -8.51902344e+01  1.31825674e+01 -2.19490265e+00 
 1.38038426e+01 -2.79001916e-04  1.38038426e+01 -4.67501911e-05  1.38038426e+01 -8.49251467e+01  1.38038426e+01 -2.17282414e+00 
 1.44543977e+01 -2.78735153e-04  1.44543977e+01 -4.89534954e-05  1.44543977e+01 -8.46519496e+01  1.44543977e+01 -2.15107495e+00 
 1.51356125e+01 -2.78442654e-04  1.51356125e+01 -5.12606435e-05  1.51356125e+01 -8.43709112e+01  1.51356125e+01 -2.12968767e+00 
 1.58489319e+01 -2.78121935e-04  1.58489319e+01 -5.36765302e-05  1.58489319e+01 -8.40823181e+01  1.58489319e+01 -2.10869155e+00 
 1.65958691e+01 -2.77770273e-04  1.65958691e+01 -5.62062810e-05  1.65958691e+01 -8.37864716e+01  1.65958691e+01 -2.08811246e+00 
 1.73780083e+01 -2.77384684e-04  1.73780083e+01 -5.88552634e-05  1.73780083e+01 -8.34836840e+01  1.73780083e+01 -2.06797280e+00 
 1.81970086e+01 -2.76961894e-04  1.81970086e+01 -6.16290976e-05  1.81970086e+01 -8.31742755e+01  1.81970086e+01 -2.04829153e+00 
 1.90546072e+01 -2.76498314e-04  1.90546072e+01 -6.45336692e-05  1.90546072e+01 -8.28585705e+01  1.90546072e+01 -2.02908423e+00 
 1.99526231e+01 -2.75990009e-04  1.99526231e+01 -6.75751410e-05  1.99526231e+01 -8.25368947e+01  1.99526231e+01 -2.01036320e+00 
 2.08929613e+01 -2.75432664e-04  2.08929613e+01 -7.07599669e-05  2.08929613e+01 -8.22095726e+01  2.08929613e+01 -1.99213761e+00 
 2.18776162e+01 -2.74821548e-04  2.18776162e+01 -7.40949050e-05  2.18776162e+01 -8.18769246e+01  2.18776162e+01 -1.97441366e+00 
 2.29086765e+01 -2.74151472e-04  2.29086765e+01 -7.75870322e-05  2.29086765e+01 -8.15392652e+01  2.29086765e+01 -1.95719476e+00 
 2.39883292e+01 -2.73416750e-04  2.39883292e+01 -8.12437593e-05  2.39883292e+01 -8.11969010e+01  2.39883292e+01 -1.94048175e+00 
 2.51188643e+01 -2.72611143e-04  2.51188643e+01 -8.50728468e-05  2.51188643e+01 -8.08501292e+01  2.51188643e+01 -1.92427308e+00 
 2.63026799e+01 -2.71727814e-04  2.63026799e+01 -8.90824213e-05  2.63026799e+01 -8.04992365e+01  2.63026799e+01 -1.90856509e+00 
 2.75422870e+01 -2.70759263e-04  2.75422870e+01 -9.32809930e-05  2.75422870e+01 -8.01444980e+01  2.75422870e+01 -1.89335214e+00 
 2.88403150e+01 -2.69697270e-04  2.88403150e+01 -9.76774739e-05  2.88403150e+01 -7.97861767e+01  2.88403150e+01 -1.87862692e+00 
 3.01995172e+01 -2.68532818e-04  3.01995172e+01 -1.02281196e-04  3.01995172e+01 -7.94245225e+01  3.01995172e+01 -1.86438056e+00 
 3.16227766e+01 -2.67256024e-04  3.16227766e+01 -1.07101934e-04  3.16227766e+01 -7.90597728e+01  3.16227766e+01 -1.85060289e+00 
 3.31131121e+01 -2.65856048e-04  3.31131121e+01 -1.12149921e-04  3.31131121e+01 -7.86921515e+01  3.31131121e+01 -1.83728260e+00 
 3.46736850e+01 -2.64321008e-04  3.46736850e+01 -1.17435876e-04  3.46736850e+01 -7.83218697e+01  3.46736850e+01 -1.82440740e+00 
 3.63078055e+01 -2.62637872e-04  3.63078055e+01 -1.22971023e-04  3.63078055e+01 -7.79491256e+01  3.63078055e+01 -1.81196419e+00 
 3.80189396e+01 -2.60792353e-04  3.80189396e+01 -1.28767118e-04  3.80189396e+01 -7.75741047e+01  3.80189396e+01 -1.79993921e+00 
 3.98107171e+01 -2.58768785e-04  3.98107171e+01 -1.34836470e-04  3.98107171e+01 -7.71969804e+01  3.98107171e+01 -1.78831817e+00 
 4.16869383e+01 -2.56549992e-04  4.16869383e+01 -1.41191972e-04  4.16869383e+01 -7.68179142e+01  4.16869383e+01 -1.77708633e+00 
 4.36515832e+01 -2.54117139e-04  4.36515832e+01 -1.47847126e-04  4.36515832e+01 -7.64370561e+01  4.36515832e+01 -1.76622865e+00 
 4.57088190e+01 -2.51449575e-04  4.57088190e+01 -1.54816073e-04  4.57088190e+01 -7.60545456e+01  4.57088190e+01 -1.75572986e+00 
 4.78630092e+01 -2.48524656e-04  4.78630092e+01 -1.62113624e-04  4.78630092e+01 -7.56705115e+01  4.78630092e+01 -1.74557454e+00 
 5.01187234e+01 -2.45317556e-04  5.01187234e+01 -1.69755289e-04  5.01187234e+01 -7.52850730e+01  5.01187234e+01 -1.73574718e+00 
 5.24807460e+01 -2.41801052e-04  5.24807460e+01 -1.77757316e-04  5.24807460e+01 -7.48983400e+01  5.24807460e+01 -1.72623226e+00 
 5.49540874e+01 -2.37945294e-04  5.49540874e+01 -1.86136718e-04  5.49540874e+01 -7.45104134e+01  5.49540874e+01 -1.71701428e+00 
 5.75439937e+01 -2.33717556e-04  5.75439937e+01 -1.94911320e-04  5.75439937e+01 -7.41213861e+01  5.75439937e+01 -1.70807781e+00 
 6.02559586e+01 -2.29081953e-04  6.02559586e+01 -2.04099790e-04  6.02559586e+01 -7.37313431e+01  6.02559586e+01 -1.69940752e+00 
 6.30957344e+01 -2.23999138e-04  6.30957344e+01 -2.13721681e-04  6.30957344e+01 -7.33403622e+01  6.30957344e+01 -1.69098821e+00 
 6.60693448e+01 -2.18425969e-04  6.60693448e+01 -2.23797477e-04  6.60693448e+01 -7.29485143e+01  6.60693448e+01 -1.68280482e+00 
 6.91830971e+01 -2.12315144e-04  6.91830971e+01 -2.34348635e-04  6.91830971e+01 -7.25558638e+01  6.91830971e+01 -1.67484248e+00 
 7.24435960e+01 -2.05614798e-04  7.24435960e+01 -2.45397633e-04  7.24435960e+01 -7.21624691e+01  7.24435960e+01 -1.66708645e+00 
 7.58577575e+01 -1.98268062e-04  7.58577575e+01 -2.56968018e-04  7.58577575e+01 -7.17683830e+01  7.58577575e+01 -1.65952221e+00 
 7.94328235e+01 -1.90212584e-04  7.94328235e+01 -2.69084462e-04  7.94328235e+01 -7.13736530e+01  7.94328235e+01 -1.65213540e+00 
 8.31763771e+01 -1.81379997e-04  8.31763771e+01 -2.81772813e-04  8.31763771e+01 -7.09783216e+01  8.31763771e+01 -1.64491184e+00 
 8.70963590e+01 -1.71695341e-04  8.70963590e+01 -2.95060153e-04  8.70963590e+01 -7.05824264e+01  8.70963590e+01 -1.63783755e+00 
 9.12010839e+01 -1.61076426e-04  9.12010839e+01 -3.08974862e-04  9.12010839e+01 -7.01860008e+01  9.12010839e+01 -1.63089870e+00 
 9.54992586e+01 -1.49433138e-04  9.54992586e+01 -3.23546676e-04  9.54992586e+01 -6.97890739e+01  9.54992586e+01 -1.62408162e+00 
 1.00000000e+02 -1.36666671e-04  1.00000000e+02 -3.38806762e-04  1.00000000e+02 -6.93916706e+01  1.00000000e+02 -1.61737282e+00 
 1.04712855e+02 -1.22668691e-04  1.04712855e+02 -3.54787781e-04  1.04712855e+02 -6.89938122e+01  1.04712855e+02 -1.61075892e+00 
 1.09647820e+02 -1.07320421e-04  1.09647820e+02 -3.71523970e-04  1.09647820e+02 -6.85955162e+01  1.09647820e+02 -1.60422669e+00 
 1.14815362e+02 -9.04916279e-05  1.14815362e+02 -3.89051215e-04  1.14815362e+02 -6.81967966e+01  1.14815362e+02 -1.59776302e+00 
 1.20226443e+02 -7.20395248e-05  1.20226443e+02 -4.07407140e-04  1.20226443e+02 -6.77976639e+01  1.20226443e+02 -1.59135488e+00 
 1.25892541e+02 -5.18075586e-05  1.25892541e+02 -4.26631190e-04  1.25892541e+02 -6.73981251e+01  1.25892541e+02 -1.58498934e+00 
 1.31825674e+02 -2.96240846e-05  1.31825674e+02 -4.46764729e-04  1.31825674e+02 -6.69981842e+01  1.31825674e+02 -1.57865355e+00 
 1.38038426e+02 -5.30091318e-06  1.38038426e+02 -4.67851137e-04  1.38038426e+02 -6.65978416e+01  1.38038426e+02 -1.57233471e+00 
 1.44543977e+02  2.13682840e-05  1.44543977e+02 -4.89935913e-04  1.44543977e+02 -6.61970944e+01  1.44543977e+02 -1.56602004e+00 
 1.51356125e+02  5.06097198e-05  1.51356125e+02 -5.13066791e-04  1.51356125e+02 -6.57959366e+01  1.51356125e+02 -1.55969682e+00 
 1.58489319e+02  8.26714061e-05  1.58489319e+02 -5.37293852e-04  1.58489319e+02 -6.53943587e+01  1.58489319e+02 -1.55335232e+00 
 1.65958691e+02  1.17825251e-04  1.65958691e+02 -5.62669657e-04  1.65958691e+02 -6.49923478e+01  1.65958691e+02 -1.54697381e+00 
 1.73780083e+02  1.56369360e-04  1.73780083e+02 -5.89249374e-04  1.73780083e+02 -6.45898875e+01  1.73780083e+02 -1.54054855e+00 
 1.81970086e+02  1.98630553e-04  1.81970086e+02 -6.17090924e-04  1.81970086e+02 -6.41869576e+01  1.81970086e+02 -1.53406377e+00 
 1.90546072e+02  2.44967128e-04  1.90546072e+02 -6.46255133e-04  1.90546072e+02 -6.37835343e+01  1.90546072e+02 -1.52750665e+00 
 1.99526231e+02  2.95771885e-04  1.99526231e+02 -6.76805895e-04  1.99526231e+02 -6.33795899e+01  1.99526231e+02 -1.52086433e+00 
 2.08929613e+02  3.51475445e-04  2.08929613e+02 -7.08810346e-04  2.08929613e+02 -6.29750923e+01  2.08929613e+02 -1.51412387e+00 
 2.18776162e+02  4.12549880e-04  2.18776162e+02 -7.42339051e-04  2.18776162e+02 -6.25700052e+01  2.18776162e+02 -1.50727229e+00 
 2.29086765e+02  4.79512694e-04  2.29086765e+02 -7.77466202e-04  2.29086765e+02 -6.21642877e+01  2.29086765e+02 -1.50029654e+00 
 2.39883292e+02  5.52931183e-04  2.39883292e+02 -8.14269841e-04  2.39883292e+02 -6.17578939e+01  2.39883292e+02 -1.49318346e+00 
 2.51188643e+02  6.33427216e-04  2.51188643e+02 -8.52832085e-04  2.51188643e+02 -6.13507727e+01  2.51188643e+02 -1.48591987e+00 
 2.63026799e+02  7.21682459e-04  2.63026799e+02 -8.93239382e-04  2.63026799e+02 -6.09428677e+01  2.63026799e+02 -1.47849248e+00 
 2.75422870e+02  8.18444114e-04  2.75422870e+02 -9.35582781e-04  2.75422870e+02 -6.05341162e+01  2.75422870e+02 -1.47088798e+00 
 2.88403150e+02  9.24531187e-04  2.88403150e+02 -9.79958228e-04  2.88403150e+02 -6.01244497e+01  2.88403150e+02 -1.46309299e+00 
 3.01995172e+02  1.04084136e-03  3.01995172e+02 -1.02646689e-03  3.01995172e+02 -5.97137926e+01  3.01995172e+02 -1.45509411e+00 
 3.16227766e+02  1.16835852e-03  3.16227766e+02 -1.07521548e-03  3.16227766e+02 -5.93020625e+01  3.16227766e+02 -1.44687794e+00 
 3.31131121e+02  1.30816099e-03  3.31131121e+02 -1.12631669e-03  3.31131121e+02 -5.88891692e+01  3.31131121e+02 -1.43843110e+00 
 3.46736850e+02  1.46143053e-03  3.46736850e+02 -1.17988954e-03  3.46736850e+02 -5.84750147e+01  3.46736850e+02 -1.42974028e+00 
 3.63078055e+02  1.62946222e-03  3.63078055e+02 -1.23605988e-03  3.63078055e+02 -5.80594923e+01  3.63078055e+02 -1.42079228e+00 
 3.80189396e+02  1.81367522e-03  3.80189396e+02 -1.29496088e-03  3.80189396e+02 -5.76424862e+01  3.80189396e+02 -1.41157405e+00 
 3.98107171e+02  2.01562461e-03  3.98107171e+02 -1.35673354e-03  3.98107171e+02 -5.72238713e+01  3.98107171e+02 -1.40207276e+00 
 4.16869383e+02  2.23701427e-03  4.16869383e+02 -1.42152737e-03  4.16869383e+02 -5.68035122e+01  4.16869383e+02 -1.39227591e+00 
 4.36515832e+02  2.47971098e-03  4.36515832e+02 -1.48950098e-03  4.36515832e+02 -5.63812632e+01  4.36515832e+02 -1.38217133e+00 
 4.57088190e+02  2.74575987e-03  4.57088190e+02 -1.56082286e-03  4.57088190e+02 -5.59569674e+01  4.57088190e+02 -1.37174736e+00 
 4.78630092e+02  3.03740126e-03  4.78630092e+02 -1.63567218e-03  4.78630092e+02 -5.55304565e+01  4.78630092e+02 -1.36099290e+00 
 5.01187234e+02  3.35708905e-03  5.01187234e+02 -1.71423971e-03  5.01187234e+02 -5.51015504e+01  5.01187234e+02 -1.34989756e+00 
 5.24807460e+02  3.70751084e-03  5.24807460e+02 -1.79672881e-03  5.24807460e+02 -5.46700568e+01  5.24807460e+02 -1.33845180e+00 
 5.49540874e+02  4.09160981e-03  5.49540874e+02 -1.88335658e-03  5.49540874e+02 -5.42357709e+01  5.49540874e+02 -1.32664706e+00 
 5.75439937e+02  4.51260872e-03  5.75439937e+02 -1.97435507e-03  5.75439937e+02 -5.37984754e+01  5.75439937e+02 -1.31447591e+00 
 6.02559586e+02  4.97403591e-03  6.02559586e+02 -2.06997273e-03  6.02559586e+02 -5.33579405e+01  6.02559586e+02 -1.30193226e+00 
 6.30957344e+02  5.47975378e-03  6.30957344e+02 -2.17047591e-03  6.30957344e+02 -5.29139237e+01  6.30957344e+02 -1.28901155e+00 
 6.60693448e+02  6.03398972e-03  6.60693448e+02 -2.27615070e-03  6.60693448e+02 -5.24661706e+01  6.60693448e+02 -1.27571092e+00 
 6.91830971e+02  6.64136980e-03  6.91830971e+02 -2.38730481e-03  6.91830971e+02 -5.20144149e+01  6.91830971e+02 -1.26202943e+00 
 7.24435960e+02  7.30695539e-03  7.24435960e+02 -2.50426982e-03  7.24435960e+02 -5.15583796e+01  7.24435960e+02 -1.24796830e+00 
 7.58577575e+02  8.03628295e-03  7.58577575e+02 -2.62740367e-03  7.58577575e+02 -5.10977777e+01  7.58577575e+02 -1.23353113e+00 
 7.94328235e+02  8.83540726e-03  7.94328235e+02 -2.75709342e-03  7.94328235e+02 -5.06323134e+01  7.94328235e+02 -1.21872410e+00 
 8.31763771e+02  9.71094826e-03  8.31763771e+02 -2.89375843e-03  8.31763771e+02 -5.01616841e+01  8.31763771e+02 -1.20355623e+00 
 8.70963590e+02  1.06701418e-02  8.70963590e+02 -3.03785387e-03  8.70963590e+02 -4.96855816e+01  8.70963590e+02 -1.18803957e+00 
 9.12010839e+02  1.17208945e-02  9.12010839e+02 -3.18987472e-03  9.12010839e+02 -4.92036950e+01  9.12010839e+02 -1.17218940e+00 
 9.54992586e+02  1.28718430e-02  9.54992586e+02 -3.35036029e-03  9.54992586e+02 -4.87157128e+01  9.54992586e+02 -1.15602443e+00 
 1.00000000e+03  1.41324183e-02  1.00000000e+03 -3.51989927e-03  1.00000000e+03 -4.82213258e+01  1.00000000e+03 -1.13956692e+00 
 1.04712855e+03  1.55129141e-02  1.04712855e+03 -3.69913549e-03  1.04712855e+03 -4.77202305e+01  1.04712855e+03 -1.12284284e+00 
 1.09647820e+03  1.70245610e-02  1.09647820e+03 -3.88877437e-03  1.09647820e+03 -4.72121318e+01  1.09647820e+03 -1.10588190e+00 
 1.14815362e+03  1.86796062e-02  1.14815362e+03 -4.08959023e-03  1.14815362e+03 -4.66967476e+01  1.14815362e+03 -1.08871761e+00 
 1.20226443e+03  2.04913979e-02  1.20226443e+03 -4.30243453e-03  1.20226443e+03 -4.61738118e+01  1.20226443e+03 -1.07138726e+00 
 1.25892541e+03  2.24744761e-02  1.25892541e+03 -4.52824516e-03  1.25892541e+03 -4.56430781e+01  1.25892541e+03 -1.05393179e+00 
 1.31825674e+03  2.46446691e-02  1.31825674e+03 -4.76805691e-03  1.31825674e+03 -4.51043246e+01  1.31825674e+03 -1.03639568e+00 
 1.38038426e+03  2.70191949e-02  1.38038426e+03 -5.02301330e-03  1.38038426e+03 -4.45573564e+01  1.38038426e+03 -1.01882674e+00 
 1.44543977e+03  2.96167695e-02  1.44543977e+03 -5.29437985e-03  1.44543977e+03 -4.40020101e+01  1.44543977e+03 -1.00127580e+00 
 1.51356125e+03  3.24577199e-02  1.51356125e+03 -5.58355908e-03  1.51356125e+03 -4.34381567e+01  1.51356125e+03 -9.83796436e-01 
 1.58489319e+03  3.55641017e-02  1.58489319e+03 -5.89210727e-03  1.58489319e+03 -4.28657040e+01  1.58489319e+03 -9.66444510e-01 
 1.65958691e+03  3.89598227e-02  1.65958691e+03 -6.22175339e-03  1.65958691e+03 -4.22845999e+01  1.65958691e+03 -9.49277784e-01 
 1.73780083e+03  4.26707684e-02  1.73780083e+03 -6.57442020e-03  1.73780083e+03 -4.16948333e+01  1.73780083e+03 -9.32355422e-01 
 1.81970086e+03  4.67249318e-02  1.81970086e+03 -6.95224797e-03  1.81970086e+03 -4.10964361e+01  1.81970086e+03 -9.15737496e-01 
 1.90546072e+03  5.11525440e-02  1.90546072e+03 -7.35762088e-03  1.90546072e+03 -4.04894833e+01  1.90546072e+03 -8.99484464e-01 
 1.99526231e+03  5.59862043e-02  1.99526231e+03 -7.79319649e-03  1.99526231e+03 -3.98740933e+01  1.99526231e+03 -8.83656655e-01 
 2.08929613e+03  6.12610081e-02  2.08929613e+03 -8.26193850e-03  2.08929613e+03 -3.92504270e+01  2.08929613e+03 -8.68313758e-01 
 2.18776162e+03  6.70146705e-02  2.18776162e+03 -8.76715301e-03  2.18776162e+03 -3.86186869e+01  2.18776162e+03 -8.53514335e-01 
 2.29086765e+03  7.32876412e-02  2.29086765e+03 -9.31252870e-03  2.29086765e+03 -3.79791151e+01  2.29086765e+03 -8.39315374e-01 
 2.39883292e+03  8.01232081e-02  2.39883292e+03 -9.90218096e-03  2.39883292e+03 -3.73319912e+01  2.39883292e+03 -8.25771871e-01 
 2.51188643e+03  8.75675847e-02  2.51188643e+03 -1.05407004e-02  2.51188643e+03 -3.66776294e+01  2.51188643e+03 -8.12936476e-01 
 2.63026799e+03  9.56699771e-02  2.63026799e+03 -1.12332056e-02  2.63026799e+03 -3.60163760e+01  2.63026799e+03 -8.00859183e-01 
 2.75422870e+03  1.04482624e-01  2.75422870e+03 -1.19854011e-02  2.75422870e+03 -3.53486064e+01  2.75422870e+03 -7.89587075e-01 
 2.88403150e+03  1.14060802e-01  2.88403150e+03 -1.28036388e-02  2.88403150e+03 -3.46747212e+01  2.88403150e+03 -7.79164134e-01 
 3.01995172e+03  1.24462797e-01  3.01995172e+03 -1.36949853e-02  3.01995172e+03 -3.39951439e+01  3.01995172e+03 -7.69631094e-01 
 3.16227766e+03  1.35749816e-01  3.16227766e+03 -1.46672928e-02  3.16227766e+03 -3.33103172e+01  3.16227766e+03 -7.61025351e-01 
 3.31131121e+03  1.47985855e-01  3.31131121e+03 -1.57292740e-02  3.31131121e+03 -3.26207002e+01  3.31131121e+03 -7.53380909e-01 
 3.46736850e+03  1.61237492e-01  3.46736850e+03 -1.68905813e-02  3.46736850e+03 -3.19267653e+01  3.46736850e+03 -7.46728374e-01 
 3.63078055e+03  1.75573613e-01  3.63078055e+03 -1.81618878e-02  3.63078055e+03 -3.12289962e+01  3.63078055e+03 -7.41094965e-01 
 3.80189396e+03  1.91065046e-01  3.80189396e+03 -1.95549708e-02  3.80189396e+03 -3.05278847e+01  3.80189396e+03 -7.36504559e-01 
 3.98107171e+03  2.07784116e-01  3.98107171e+03 -2.10827956e-02  3.98107171e+03 -2.98239292e+01  3.98107171e+03 -7.32977744e-01 
 4.16869383e+03  2.25804092e-01  4.16869383e+03 -2.27595984e-02  4.16869383e+03 -2.91176324e+01  4.16869383e+03 -7.30531884e-01 
 4.36515832e+03  2.45198532e-01  4.36515832e+03 -2.46009660e-02  4.36515832e+03 -2.84094994e+01  4.36515832e+03 -7.29181183e-01 
 4.57088190e+03  2.66040526e-01  4.57088190e+03 -2.66239109e-02  4.57088190e+03 -2.77000367e+01  4.57088190e+03 -7.28936751e-01 
 4.78630092e+03  2.88401831e-01  4.78630092e+03 -2.88469386e-02  4.78630092e+03 -2.69897502e+01  4.78630092e+03 -7.29806656e-01 
 5.01187234e+03  3.12351905e-01  5.01187234e+03 -3.12901050e-02  5.01187234e+03 -2.62791438e+01  5.01187234e+03 -7.31795973e-01 
 5.24807460e+03  3.37956851e-01  5.24807460e+03 -3.39750608e-02  5.24807460e+03 -2.55687186e+01  5.24807460e+03 -7.34906817e-01 
 5.49540874e+03  3.65278290e-01  5.49540874e+03 -3.69250798e-02  5.49540874e+03 -2.48589707e+01  5.49540874e+03 -7.39138368e-01 
 5.75439937e+03  3.94372176e-01  5.75439937e+03 -4.01650700e-02  5.75439937e+03 -2.41503907e+01  5.75439937e+03 -7.44486882e-01 
 6.02559586e+03  4.25287602e-01  6.02559586e+03 -4.37215622e-02  6.02559586e+03 -2.34434610e+01  6.02559586e+03 -7.50945698e-01 
 6.30957344e+03  4.58065607e-01  6.30957344e+03 -4.76226774e-02  6.30957344e+03 -2.27386551e+01  6.30957344e+03 -7.58505238e-01 
 6.60693448e+03  4.92738063e-01  6.60693448e+03 -5.18980702e-02  6.60693448e+03 -2.20364347e+01  6.60693448e+03 -7.67153020e-01 
 6.91830971e+03  5.29326655e-01  6.91830971e+03 -5.65788483e-02  6.91830971e+03 -2.13372483e+01  6.91830971e+03 -7.76873660e-01 
 7.24435960e+03  5.67842046e-01  7.24435960e+03 -6.16974702e-02  7.24435960e+03 -2.06415280e+01  7.24435960e+03 -7.87648914e-01 
 7.58577575e+03  6.08283253e-01  7.58577575e+03 -6.72876235e-02  7.58577575e+03 -1.99496871e+01  7.58577575e+03 -7.99457724e-01 
 7.94328235e+03  6.50637309e-01  7.94328235e+03 -7.33840886e-02  7.94328235e+03 -1.92621171e+01  7.94328235e+03 -8.12276315e-01 
 8.31763771e+03  6.94879262e-01  8.31763771e+03 -8.00225941e-02  8.31763771e+03 -1.85791843e+01  8.31763771e+03 -8.26078322e-01 
 8.70963590e+03  7.40972541e-01  8.70963590e+03 -8.72396727e-02  8.70963590e+03 -1.79012264e+01  8.70963590e+03 -8.40834976e-01 
 9.12010839e+03  7.88869739e-01  9.12010839e+03 -9.50725269e-02  9.12010839e+03 -1.72285488e+01  9.12010839e+03 -8.56515352e-01 
 9.54992586e+03  8.38513807e-01  9.54992586e+03 -1.03558917e-01  9.54992586e+03 -1.65614211e+01  9.54992586e+03 -8.73086683e-01 
 1.00000000e+04  8.89839677e-01  1.00000000e+04 -1.12737082e-01  1.00000000e+04 -1.59000734e+01  1.00000000e+04 -8.90514749e-01 
 1.04712855e+04  9.42776261e-01  1.04712855e+04 -1.22645711e-01  1.04712855e+04 -1.52446926e+01  1.04712855e+04 -9.08764349e-01 
 1.09647820e+04  9.97248792e-01  1.09647820e+04 -1.33323975e-01  1.09647820e+04 -1.45954193e+01  1.09647820e+04 -9.27799861e-01 
 1.14815362e+04  1.05318142e+00  1.14815362e+04 -1.44811627e-01  1.14815362e+04 -1.39523446e+01  1.14815362e+04 -9.47585879e-01 
 1.20226443e+04  1.11049998e+00  1.20226443e+04 -1.57149199e-01  1.20226443e+04 -1.33155078e+01  1.20226443e+04 -9.68087947e-01 
 1.25892541e+04  1.16913474e+00  1.25892541e+04 -1.70378290e-01  1.25892541e+04 -1.26848943e+01  1.25892541e+04 -9.89273371e-01 
 1.31825674e+04  1.22902313e+00  1.31825674e+04 -1.84541957e-01  1.31825674e+04 -1.20604343e+01  1.31825674e+04 -1.01111212e+00 
 1.38038426e+04  1.29011214e+00  1.38038426e+04 -1.99685225e-01  1.38038426e+04 -1.14420024e+01  1.38038426e+04 -1.03357780e+00 
 1.44543977e+04  1.35236027e+00  1.44543977e+04 -2.15855713e-01  1.44543977e+04 -1.08294180e+01  1.44543977e+04 -1.05664871e+00 
 1.51356125e+04  1.41573892e+00  1.51356125e+04 -2.33104387e-01  1.51356125e+04 -1.02224467e+01  1.51356125e+04 -1.08030895e+00 
 1.58489319e+04  1.48023289e+00  1.58489319e+04 -2.51486431e-01  1.58489319e+04 -9.62080249e+00  1.58489319e+04 -1.10454966e+00 
 1.65958691e+04  1.54583990e+00  1.65958691e+04 -2.71062251e-01  1.65958691e+04 -9.02415211e+00  1.65958691e+04 -1.12937023e+00 
 1.73780083e+04  1.61256875e+00  1.73780083e+04 -2.91898607e-01  1.73780083e+04 -8.43211964e+00  1.73780083e+04 -1.15477968e+00 
 1.81970086e+04  1.68043604e+00  1.81970086e+04 -3.14069876e-01  1.81970086e+04 -7.84429341e+00  1.81970086e+04 -1.18079803e+00 
 1.90546072e+04  1.74946087e+00  1.90546072e+04 -3.37659443e-01  1.90546072e+04 -7.26023438e+00  1.90546072e+04 -1.20745785e+00 
 1.99526231e+04  1.81965732e+00  1.99526231e+04 -3.62761226e-01  1.99526231e+04 -6.67948686e+00  1.99526231e+04 -1.23480577e+00 
 2.08929613e+04  1.89102414e+00  2.08929613e+04 -3.89481320e-01  2.08929613e+04 -6.10159171e+00  2.08929613e+04 -1.26290415e+00 
 2.18776162e+04  1.96353096e+00  2.18776162e+04 -4.17939761e-01  2.18776162e+04 -5.52610277e+00  2.18776162e+04 -1.29183287e+00 
 2.29086765e+04  2.03710030e+00  2.29086765e+04 -4.48272378e-01  2.29086765e+04 -4.95260726e+00  2.29086765e+04 -1.32169105e+00 
 2.39883292e+04  2.11158430e+00  2.39883292e+04 -4.80632703e-01  2.39883292e+04 -4.38075112e+00  2.39883292e+04 -1.35259897e+00 
 2.51188643e+04  2.18673509e+00  2.51188643e+04 -5.15193844e-01  2.51188643e+04 -3.81027056e+00  2.51188643e+04 -1.38469984e+00 
 2.63026799e+04  2.26216711e+00  2.63026799e+04 -5.52150233e-01  2.63026799e+04 -3.24103130e+00  2.63026799e+04 -1.41816144e+00 
 2.75422870e+04  2.33730988e+00  2.75422870e+04 -5.91719029e-01  2.75422870e+04 -2.67307711e+00  2.75422870e+04 -1.45317750e+00 
 2.88403150e+04  2.41134923e+00  2.88403150e+04 -6.34140907e-01  2.88403150e+04 -2.10668976e+00  2.88403150e+04 -1.48996840e+00 
 3.01995172e+04  2.48315543e+00  3.01995172e+04 -6.79679788e-01  3.01995172e+04 -1.54246196e+00  3.01995172e+04 -1.52878084e+00 
 3.16227766e+04  2.55119664e+00  3.16227766e+04 -7.28620909e-01  3.16227766e+04 -9.81384676e-01  3.16227766e+04 -1.56988589e+00 
 3.31131121e+04  2.61343793e+00  3.31131121e+04 -7.81266374e-01  3.31131121e+04 -4.24949089e-01  3.31131121e+04 -1.61357451e+00 
 3.46736850e+04  2.66722773e+00  3.46736850e+04 -8.37927100e-01  3.46736850e+04  1.24739123e-01  3.46736850e+04 -1.66014951e+00 
 3.63078055e+04  2.70917827e+00  3.63078055e+04 -8.98909800e-01  3.63078055e+04  6.64839265e-01  3.63078055e+04 -1.70991253e+00 
 3.80189396e+04  2.73505225e+00  3.80189396e+04 -9.64497564e-01  3.80189396e+04  1.19166135e+00  3.80189396e+04 -1.76314465e+00 
 3.98107171e+04  2.73967700e+00  3.98107171e+04 -1.03492276e+00  3.98107171e+04  1.70057910e+00  3.98107171e+04 -1.82007935e+00 
 4.16869383e+04  2.71691772e+00  4.16869383e+04 -1.11033176e+00  4.16869383e+04  2.18600195e+00  4.16869383e+04 -1.88086727e+00 
 4.36515832e+04  2.65975111e+00  4.36515832e+04 -1.19074255e+00  4.36515832e+04  2.64144708e+00  4.36515832e+04 -1.94553389e+00 
 4.57088190e+04  2.56048453e+00  4.57088190e+04 -1.27599914e+00  4.57088190e+04  3.05975694e+00  4.57088190e+04 -2.01393391e+00 
 4.78630092e+04  2.41115620e+00  4.78630092e+04 -1.36572975e+00  4.78630092e+04  3.43349742e+00  4.78630092e+04 -2.08570958e+00 
 5.01187234e+04  2.20412114e+00  5.01187234e+04 -1.45931971e+00  5.01187234e+04  3.75554169e+00  5.01187234e+04 -2.16026350e+00 
 5.24807460e+04  1.93277452e+00  5.24807460e+04 -1.55591058e+00  5.24807460e+04  4.01979109e+00  5.24807460e+04 -2.23675780e+00 
 5.49540874e+04  1.59230065e+00  5.49540874e+04 -1.65443479e+00  5.49540874e+04  4.22192166e+00  5.49540874e+04 -2.31414869e+00 
 5.75439937e+04  1.18028944e+00  5.75439937e+04 -1.75368699e+00  5.75439937e+04  4.35999794e+00  5.75439937e+04 -2.39125773e+00 
 6.02559586e+04  6.97064836e-01  6.02559586e+04 -1.85242255e+00  6.02559586e+04  4.43479876e+00  6.02559586e+04 -2.46687018e+00 
 6.30957344e+04  1.45634143e-01  6.30957344e+04 -1.94946432e+00  6.30957344e+04  4.44976384e+00  6.30957344e+04 -2.53984161e+00 
 6.60693448e+04 -4.68727647e-01  6.60693448e+04 -2.04379567e+00  6.60693448e+04  4.41057572e+00  6.60693448e+04 -2.60919068e+00 
 6.91830971e+04 -1.13914535e+00  6.91830971e+04 -2.13462286e+00  6.91830971e+04  4.32448986e+00  6.91830971e+04 -2.67416123e+00 
 7.24435960e+04 -1.85790085e+00  7.24435960e+04 -2.22140007e+00  7.24435960e+04  4.19957547e+00  7.24435960e+04 -2.73424698e+00 
 7.58577575e+04 -2.61713041e+00  7.58577575e+04 -2.30382068e+00  7.58577575e+04  4.04401652e+00  7.58577575e+04 -2.78918246e+00 
 7.94328235e+04 -3.40936624e+00  7.94328235e+04 -2.38178523e+00  7.94328235e+04  3.86556914e+00  7.94328235e+04 -2.83891057e+00 
 8.31763771e+04 -4.22788926e+00  8.31763771e+04 -2.45535778e+00  8.31763771e+04  3.67120816e+00  8.31763771e+04 -2.88353848e+00 
 8.70963590e+04 -5.06690805e+00  8.70963590e+04 -2.52472049e+00  8.70963590e+04  3.46694821e+00  8.70963590e+04 -2.92329181e+00 
 9.12010839e+04 -5.92160371e+00  9.12010839e+04 -2.59013281e+00  9.12010839e+04  3.25779946e+00  9.12010839e+04 -2.95847340e+00 
 9.54992586e+04 -6.78808567e+00  9.54992586e+04 -2.65189819e+00  9.54992586e+04  3.04781296e+00  9.54992586e+04 -2.98942960e+00 
 1.00000000e+05 -7.66329764e+00  1.00000000e+05 -2.71033901e+00  1.00000000e+05  2.84017644e+00  1.00000000e+05 -3.01652478e+00 
 1.04712855e+05 -8.54490252e+00  1.04712855e+05 -2.76577879e+00  1.04712855e+05  2.63733173e+00  1.04712855e+05 -3.04012327e+00 
 1.09647820e+05 -9.43116493e+00  1.09647820e+05 -2.81853050e+00  1.09647820e+05  2.44109489e+00  1.09647820e+05 -3.06057730e+00 
 1.14815362e+05 -1.03208421e+01  1.14815362e+05 -2.86888937e+00  1.14815362e+05  2.25276844e+00  1.14815362e+05 -3.07821965e+00 
 1.20226443e+05 -1.12130880e+01  1.20226443e+05 -2.91712902e+00  1.20226443e+05  2.07324065e+00  1.20226443e+05 -3.09335958e+00 
 1.25892541e+05 -1.21073718e+01  1.25892541e+05 -2.96349981e+00  1.25892541e+05  1.90307019e+00  1.25892541e+05 -3.10628113e+00 
 1.31825674e+05 -1.30034112e+01  1.31825674e+05 -3.00822864e+00  1.31825674e+05  1.74255668e+00  1.31825674e+05 -3.11724287e+00 
 1.38038426e+05 -1.39011177e+01  1.38038426e+05 -3.05151963e+00  1.38038426e+05  1.59179844e+00  1.38038426e+05 -3.12647870e+00 
 1.44543977e+05 -1.48005529e+01  1.44543977e+05 -3.09355536e+00  1.44543977e+05  1.45073935e+00  1.44543977e+05 -3.13419914e+00 
 1.51356125e+05 -1.57018938e+01  1.51356125e+05 -3.13449822e+00  1.51356125e+05  1.31920635e+00  1.51356125e+05 -3.14059298e+00 
 1.58489319e+05 -1.66054052e+01  1.58489319e+05  3.10869329e+00  1.58489319e+05  1.19693946e+00  1.58489319e+05  3.13735629e+00 
 1.65958691e+05 -1.75114174e+01  1.65958691e+05  3.06952196e+00  1.65958691e+05  1.08361561e+00  1.65958691e+05  3.13312747e+00 
 1.73780083e+05 -1.84203087e+01  1.73780083e+05  3.03106225e+00  1.73780083e+05  9.78867424e-01  1.73780083e+05  3.12977181e+00 
 1.81970086e+05 -1.93324915e+01  1.81970086e+05  2.99321782e+00  1.81970086e+05  8.82298017e-01  1.81970086e+05  3.12717013e+00 
 1.90546072e+05 -2.02484003e+01  1.90546072e+05  2.95590564e+00  1.90546072e+05  7.93492600e-01  1.90546072e+05  3.12521666e+00 
 1.99526231e+05 -2.11684822e+01  1.99526231e+05  2.91905499e+00  1.99526231e+05  7.12027457e-01  1.99526231e+05  3.12381762e+00 
 2.08929613e+05 -2.20931891e+01  2.08929613e+05  2.88260650e+00  2.08929613e+05  6.37476883e-01  2.08929613e+05  3.12289002e+00 
 2.18776162e+05 -2.30229699e+01  2.18776162e+05  2.84651127e+00  2.18776162e+05  5.69418467e-01  2.18776162e+05  3.12236049e+00 
 2.29086765e+05 -2.39582650e+01  2.29086765e+05  2.81073011e+00  2.29086765e+05  5.07437089e-01  2.29086765e+05  3.12216426e+00 
 2.39883292e+05 -2.48995002e+01  2.39883292e+05  2.77523276e+00  2.39883292e+05  4.51127862e-01  2.39883292e+05  3.12224427e+00 
 2.51188643e+05 -2.58470818e+01  2.51188643e+05  2.73999724e+00  2.51188643e+05  4.00098288e-01  2.51188643e+05  3.12255038e+00 
 2.63026799e+05 -2.68013920e+01  2.63026799e+05  2.70500911e+00  2.63026799e+05  3.53969785e-01  2.63026799e+05  3.12303859e+00 
 2.75422870e+05 -2.77627846e+01  2.75422870e+05  2.67026082e+00  2.75422870e+05  3.12378735e-01  2.75422870e+05  3.12367046e+00 
 2.88403150e+05 -2.87315811e+01  2.88403150e+05  2.63575100e+00  2.88403150e+05  2.74977173e-01  2.88403150e+05  3.12441252e+00 
 3.01995172e+05 -2.97080678e+01  3.01995172e+05  2.60148380e+00  3.01995172e+05  2.41433221e-01  3.01995172e+05  3.12523575e+00 
 3.16227766e+05 -3.06924923e+01  3.16227766e+05  2.56746820e+00  3.16227766e+05  2.11431318e-01  3.16227766e+05  3.12611515e+00 
 3.31131121e+05 -3.16850617e+01  3.31131121e+05  2.53371723e+00  3.31131121e+05  1.84672317e-01  3.31131121e+05  3.12702936e+00 
 3.46736850e+05 -3.26859409e+01  3.46736850e+05  2.50024732e+00  3.46736850e+05  1.60873483e-01  3.46736850e+05  3.12796024e+00 
 3.63078055e+05 -3.36952513e+01  3.63078055e+05  2.46707756e+00  3.63078055e+05  1.39768411e-01  3.63078055e+05  3.12889258e+00 
 3.80189396e+05 -3.47130705e+01  3.80189396e+05  2.43422896e+00  3.80189396e+05  1.21106892e-01  3.80189396e+05  3.12981382e+00 
 3.98107171e+05 -3.57394328e+01  3.98107171e+05  2.40172379e+00  3.98107171e+05  1.04654718e-01  3.98107171e+05  3.13071370e+00 
 4.16869383e+05 -3.67743301e+01  4.16869383e+05  2.36958487e+00  4.16869383e+05  9.01934455e-02  4.16869383e+05  3.13158408e+00 
 4.36515832e+05 -3.78177132e+01  4.36515832e+05  2.33783498e+00  4.36515832e+05  7.75200957e-02  4.36515832e+05  3.13241866e+00 
 4.57088190e+05 -3.88694945e+01  4.57088190e+05  2.30649621e+00  4.57088190e+05  6.64468090e-02  4.57088190e+05  3.13321277e+00 
 4.78630092e+05 -3.99295505e+01  4.78630092e+05  2.27558949e+00  4.78630092e+05  5.68004330e-02  4.78630092e+05  3.13396314e+00 
 5.01187234e+05 -4.09977247e+01  5.01187234e+05  2.24513406e+00  5.01187234e+05  4.84220526e-02  5.01187234e+05  3.13466774e+00 
 5.24807460e+05 -4.20738318e+01  5.24807460e+05  2.21514709e+00  5.24807460e+05  4.11664582e-02  5.24807460e+05  3.13532556e+00 
 5.49540874e+05 -4.31576609e+01  5.49540874e+05  2.18564336e+00  5.49540874e+05  3.49015568e-02  5.49540874e+05  3.13593648e+00 
 5.75439937e+05 -4.42489796e+01  5.75439937e+05  2.15663497e+00  5.75439937e+05  2.95077292e-02  5.75439937e+05  3.13650108e+00 
 6.02559586e+05 -4.53475381e+01  6.02559586e+05  2.12813115e+00  6.02559586e+05  2.48771436e-02  6.02559586e+05  3.13702052e+00 
 6.30957344e+05 -4.64530731e+01  6.30957344e+05  2.10013812e+00  6.30957344e+05  2.09130328e-02  6.30957344e+05  3.13749644e+00 
 6.60693448e+05 -4.75653119e+01  6.60693448e+05  2.07265906e+00  6.60693448e+05  1.75289476e-02  6.60693448e+05  3.13793077e+00 
 6.91830971e+05 -4.86839754e+01  6.91830971e+05  2.04569408e+00  6.91830971e+05  1.46479966e-02  6.91830971e+05  3.13832574e+00 
 7.24435960e+05 -4.98087827e+01  7.24435960e+05  2.01924025e+00  7.24435960e+05  1.22020844e-02  7.24435960e+05  3.13868371e+00 
 7.58577575e+05 -5.09394532e+01  7.58577575e+05  1.99329167e+00  7.58577575e+05  1.01311590e-02  7.58577575e+05  3.13900713e+00 
 7.94328235e+05 -5.20757101e+01  7.94328235e+05  1.96783964e+00  7.94328235e+05  8.38247717e-03  7.94328235e+05  3.13929849e+00 
 8.31763771e+05 -5.32172830e+01  8.31763771e+05  1.94287275e+00  8.31763771e+05  6.90989778e-03  8.31763771e+05  3.13956026e+00 
 8.70963590e+05 -5.43639101e+01  8.70963590e+05  1.91837709e+00  8.70963590e+05  5.67320835e-03  8.70963590e+05  3.13979485e+00 
 9.12010839e+05 -5.55153402e+01  9.12010839e+05  1.89433638e+00  9.12010839e+05  4.63749118e-03  9.12010839e+05  3.14000461e+00 
 9.54992586e+05 -5.66713343e+01  9.54992586e+05  1.87073221e+00  9.54992586e+05  3.77253213e-03  9.54992586e+05  3.14019175e+00 
 1.00000000e+06 -5.78316675e+01  1.00000000e+06  1.84754422e+00  1.00000000e+06  3.05227454e-03  1.00000000e+06  3.14035837e+00 
